24.0 2.0 3.14 2.0
23.900000001 2.00000186525 3.14159303425 2.0
23.800000001 2.00000182719 3.14159303425 2.0
23.700000001 2.00000178912 3.14159303425 2.0
23.600000001 2.00000175105 3.14159303425 2.0
23.500000001 2.00000171299 3.14159303425 2.0
23.400000001 2.00000167492 3.14159303425 2.0
23.300000001 2.00000163685 3.14159303425 2.0
23.200000001 2.00000159879 3.14159303425 2.0
23.100000001 2.00000156072 3.14159303425 2.0
23.000000001 2.00000152265 3.14159303425 2.0
22.900000001 2.00000148459 3.14159303425 2.0
22.800000001 2.00000144652 3.14159303425 2.0
22.700000001 2.00000140846 3.14159303425 2.0
22.600000001 2.00000137039 3.14159303425 2.0
22.500000001 2.00000133232 3.14159303425 2.0
22.400000001 2.00000129426 3.14159303425 2.0
22.300000001 2.00000125619 3.14159303425 2.0
22.200000001 2.00000121812 3.14159303425 2.0
22.100000001 2.00000118006 3.14159303425 2.0
22.000000001 2.00000114199 3.14159303425 2.0
21.900000001 2.00000110392 3.14159303425 2.0
21.800000001 2.00000106586 3.14159303425 2.0
21.700000001 2.00000102779 3.14159303425 2.0
21.600000001 2.00000098973 3.14159303425 2.0
21.500000001 2.00000095166 3.14159303425 2.0
21.400000001 2.00000091359 3.14159303425 2.0
21.300000001 2.00000087553 3.14159303425 2.0
21.200000001 2.00000083746 3.14159303425 2.0
21.100000001 2.00000079939 3.14159303425 2.0
21.000000001 2.00000076133 3.14159303425 2.0
20.900000001 2.00000072326 3.14159303425 2.0
20.800000001 2.00000068519 3.14159303425 2.0
20.700000001 2.00000064713 3.14159303425 2.0
20.600000001 2.00000060906 3.14159303425 2.0
20.500000001 2.000000571 3.14159303425 2.0
20.400000001 2.00000053293 3.14159303425 2.0
20.300000001 2.00000049486 3.14159303425 2.0
20.200000001 2.0000004568 3.14159303425 2.0
20.100000001 2.00000041873 3.14159303425 2.0
20.000000001 2.00000038066 3.14159303425 2.0
19.900000001 2.0000003426 3.14159303425 2.0
19.800000001 2.00000030453 3.14159303425 2.0
19.700000001 2.00000026646 3.14159303425 2.0
19.600000001 2.0000002284 3.14159303425 2.0
19.500000001 2.00000019033 3.14159303425 2.0
19.400000001 2.00000015227 3.14159303425 2.0
19.300000001 2.0000001142 3.14159303425 2.0
19.200000001 2.00000007613 3.14159303425 2.0
19.100000001 2.00000003807 3.14159303425 2.0
19.000000001 2.0 3.14159303425 2.0
18.900000001 1.99999996193 3.14159303425 2.0
18.800000001 1.99999992387 3.14159303425 2.0
18.700000001 1.9999998858 3.14159303425 2.0
18.600000001 1.99999984773 3.14159303425 2.0
18.500000001 1.99999980967 3.14159303425 2.0
18.400000001 1.9999997716 3.14159303425 2.0
18.300000001 1.99999973354 3.14159303425 2.0
18.200000001 1.99999969547 3.14159303425 2.0
18.100000001 1.9999996574 3.14159303425 2.0
18.000000001 1.99999961934 3.14159303425 2.0
17.900000001 1.99999958127 3.14159303425 2.0
17.800000001 1.9999995432 3.14159303425 2.0
17.700000001 1.99999950514 3.14159303425 2.0
17.600000001 1.99999946707 3.14159303425 2.0
17.500000001 1.999999429 3.14159303425 2.0
17.400000001 1.99999939094 3.14159303425 2.0
17.300000001 1.99999935287 3.14159303425 2.0
17.200000001 1.99999931481 3.14159303425 2.0
17.100000001 1.99999927674 3.14159303425 2.0
17.000000001 1.99999923867 3.14159303425 2.0
16.900000001 1.99999920061 3.14159303425 2.0
16.800000001 1.99999916254 3.14159303425 2.0
16.700000001 1.99999912447 3.14159303425 2.0
16.600000001 1.99999908641 3.14159303425 2.0
16.500000001 1.99999904834 3.14159303425 2.0
16.400000001 1.99999901027 3.14159303425 2.0
16.300000001 1.99999897221 3.14159303425 2.0
16.200000001 1.99999893414 3.14159303425 2.0
16.100000001 1.99999889608 3.14159303425 2.0
16.000000001 1.99999885801 3.14159303425 2.0
15.900000001 1.99999881994 3.14159303425 2.0
15.800000001 1.99999878188 3.14159303425 2.0
15.700000001 1.99999874381 3.14159303425 2.0
15.600000001 1.99999870574 3.14159303425 2.0
15.500000001 1.99999866768 3.14159303425 2.0
15.400000001 1.99999862961 3.14159303425 2.0
15.300000001 1.99999859154 3.14159303425 2.0
15.200000001 1.99999855348 3.14159303425 2.0
15.100000001 1.99999851541 3.14159303425 2.0
15.000000001 1.99999847735 3.14159303425 2.0
14.900000001 1.99999843928 3.14159303425 2.0
14.800000001 1.99999840121 3.14159303425 2.0
14.700000001 1.99999836315 3.14159303425 2.0
14.600000001 1.99999832508 3.14159303425 2.0
14.500000001 1.99999828701 3.14159303425 2.0
14.400000001 1.99999824895 3.14159303425 2.0
14.300000001 1.99999821088 3.14159303425 2.0
14.200000001 1.99999817281 3.14159303425 2.0
14.100000001 1.99999813475 3.14159303425 2.0
14.000000002 2.0 3.14000000135 2.0
14.0 2.0 3.14 1.0
13.9000688775 1.99682705262 3.20666666667 1.0
13.800571115 1.98700401256 3.27333333333 1.0
13.7019487612 1.97057452162 3.34 1.0
13.6046399753 1.9476115727 3.40666666667 1.0
13.5090770805 1.91821718557 3.47333333333 1.0
13.4156846437 1.88252195357 3.54 1.0
13.3248775886 1.84068446342 3.60666666667 1.0
13.2370593526 1.79289059067 3.67333333333 1.0
13.1524757459 1.73957051316 3.71360160509 1.0
13.066652757 1.6882800519 3.64693493842 1.0
12.9776035834 1.64282082259 3.58026827176 1.0
12.8857238527 1.60339479145 3.51360160509 1.0
12.7914217681 1.57017712038 3.44693493842 1.0
12.6951162946 1.5433153888 3.38026827176 1.0
12.5972352981 1.52292893799 3.31360160509 1.0
12.4982136442 1.50910834083 3.24693493842 1.0
12.3984912662 1.50191499946 3.18026827176 1.0
12.2985112104 1.50138087245 3.11360160509 1.0
12.1987176682 1.5075083328 3.04693493842 1.0
12.099554002 1.52027015746 2.98026827176 1.0
12.0014607763 1.53960964819 2.91360160509 1.0
11.9048737993 1.56544088355 2.84693493842 1.0
11.8102221875 1.59764910055 2.78026827176 1.0
11.7179264591 1.63609120457 2.71360160509 1.0
11.6283966654 1.68059640509 2.64693493842 1.0
11.5420305691 1.73096697447 2.58026827176 1.0
11.4592118775 1.7869791264 2.51360160509 1.0
11.3803085373 1.84838401019 2.44693493842 1.0
11.3056711002 1.91490881629 2.38026827176 1.0
11.2356311653 1.98625798839 2.31360160509 1.0
11.1704999058 2.0621145365 2.24693493842 1.0
11.110566687 2.14214144524 2.18026827176 1.0
11.0560977799 2.22598317118 2.11360160509 1.0
11.007335179 2.31326722241 2.04693493842 1.0
10.9644955267 2.40360581348 1.98026827176 1.0
10.927769151 2.49659758821 1.91360160509 1.0
10.8973192196 2.59182940289 1.84693493842 1.0
10.8732810156 2.68887816174 1.78026827176 1.0
10.8557613359 2.78731269666 1.71360160509 1.0
10.8448380168 2.88669568286 1.64693493842 1.0
10.8405595884 2.98658558172 1.58026827176 1.0
10.842945059 3.08653860256 1.51360160509 1.0
10.8519838304 3.18611067423 1.44693493842 1.0
10.8676357451 3.28485941808 1.38026827176 1.0
10.8898312649 3.38234611331 1.31360160509 1.0
10.9184717795 3.47813764617 1.24693493842 1.0
10.9534300449 3.57180843419 1.18026827176 1.0
10.9945507485 3.66294231691 1.11360160509 1.0
11.0416511993 3.75113440485 1.04693493842 1.0
11.0945221396 3.83599287832 0.980268271757 1.0
11.1529286743 3.91714072822 0.91360160509 1.0
11.2166113151 3.99421743098 0.846934938423 1.0
11.2852871328 4.06688055036 0.780268271757 1.0
11.3586510144 4.13480725873 0.71360160509 1.0
11.4363770192 4.19769577142 0.646934938423 1.0
11.5181198261 4.25526668743 0.580268271757 1.0
11.6035162682 4.30726423077 0.51360160509 1.0
11.6921869464 4.35345738683 0.446934938423 1.0
11.7837379148 4.39364092873 0.380268271757 1.0
11.8777624307 4.42763632907 0.31360160509 1.0
11.9738427623 4.45529255315 0.246934938423 1.0
12.0715520439 4.47648672993 0.180268271757 1.0
12.170456173 4.49112469794 0.11360160509 1.0
12.2701157383 4.49914142366 0.0469349384233 1.0
12.3700879724 4.50050129037 6.26345357894 1.0
12.469928719 4.49519825646 6.19678691227 1.0
12.5691944056 4.48325588225 6.1301202456 1.0
12.6674440149 4.4647272253 6.06345357894 1.0
12.7642410435 4.4396946047 5.99678691227 1.0
12.8591554418 4.40826923534 5.9301202456 1.0
12.9517655242 4.37059073382 5.86345357894 1.0
13.0416598429 4.32682649811 5.79678691227 1.0
13.1284390153 4.27717096391 5.7301202456 1.0
13.2126523861 4.22325267382 5.73058955343 1.0
13.2994548527 4.17363787123 5.7972562201 1.0
13.3893697003 4.12991582845 5.86392288676 1.0
13.4819974554 4.09228079371 5.93058955343 1.0
13.5769265914 4.06089997188 5.9972562201 1.0
13.6737353574 4.03591278164 6.06392288676 1.0
13.7719936514 4.01743023604 6.13058955343 1.0
13.8712649318 4.0055344493 6.1972562201 1.0
13.9711081561 4.00027827203 6.26392288676 1.0
14.0 4.0 0.0 2.0
14.1 4.0 0.0 2.0
14.2 4.0 0.0 2.0
14.3 4.0 0.0 2.0
14.4 4.0 0.0 2.0
14.5 4.0 0.0 2.0
14.6 4.0 0.0 2.0
14.7 4.0 0.0 2.0
14.8 4.0 0.0 2.0
14.9 4.0 0.0 2.0
15.0 4.0 0.0 2.0
15.1 4.0 0.0 2.0
15.2 4.0 0.0 2.0
15.3 4.0 0.0 2.0
15.4 4.0 0.0 2.0
15.5 4.0 0.0 2.0
15.6 4.0 0.0 2.0
15.7 4.0 0.0 2.0
15.8 4.0 0.0 2.0
15.9 4.0 0.0 2.0
16.0 4.0 0.0 2.0
16.1 4.0 0.0 2.0
16.2 4.0 0.0 2.0
16.3 4.0 0.0 2.0
16.4 4.0 0.0 2.0
16.5 4.0 0.0 2.0
16.6 4.0 0.0 2.0
16.7 4.0 0.0 2.0
16.8 4.0 0.0 2.0
16.9 4.0 0.0 2.0
17.0 4.0 0.0 2.0
17.1 4.0 0.0 2.0
17.2 4.0 0.0 2.0
17.3 4.0 0.0 2.0
17.4 4.0 0.0 2.0
17.5 4.0 0.0 2.0
17.6 4.0 0.0 2.0
17.7 4.0 0.0 2.0
17.8 4.0 0.0 2.0
17.9 4.0 0.0 2.0
18.0 4.0 0.0 2.0
18.1 4.0 0.0 2.0
18.2 4.0 0.0 2.0
18.3 4.0 0.0 2.0
18.4 4.0 0.0 2.0
18.5 4.0 0.0 2.0
18.6 4.0 0.0 2.0
18.7 4.0 0.0 2.0
18.8 4.0 0.0 2.0
18.9 4.0 0.0 2.0
19.0 4.0 0.0 2.0
19.1 4.0 0.0 2.0
19.2 4.0 0.0 2.0
19.3 4.0 0.0 2.0
19.4 4.0 0.0 2.0
19.5 4.0 0.0 2.0
19.6 4.0 0.0 2.0
19.7 4.0 0.0 2.0
19.8 4.0 0.0 2.0
19.9 4.0 0.0 2.0
20.0 4.0 0.0 2.0
20.1 4.0 0.0 2.0
20.2 4.0 0.0 2.0
20.3 4.0 0.0 2.0
20.4 4.0 0.0 2.0
20.5 4.0 0.0 2.0
20.6 4.0 0.0 2.0
20.7 4.0 0.0 2.0
20.8 4.0 0.0 2.0
20.9 4.0 0.0 2.0
21.0 4.0 0.0 2.0
21.1 4.0 0.0 2.0
21.2 4.0 0.0 2.0
21.3 4.0 0.0 2.0
21.4 4.0 0.0 2.0
21.5 4.0 0.0 2.0
21.6 4.0 0.0 2.0
21.7 4.0 0.0 2.0
21.8 4.0 0.0 2.0
21.9 4.0 0.0 2.0
22.0 4.0 0.0 2.0
22.1 4.0 0.0 2.0
22.2 4.0 0.0 2.0
22.3 4.0 0.0 2.0
22.4 4.0 0.0 2.0
22.5 4.0 0.0 2.0
22.6 4.0 0.0 2.0
22.7 4.0 0.0 2.0
22.8 4.0 0.0 2.0
22.9 4.0 0.0 2.0
23.0 4.0 0.0 2.0
23.1 4.0 0.0 2.0
23.2 4.0 0.0 2.0
23.3 4.0 0.0 2.0
23.4 4.0 0.0 2.0
23.5 4.0 0.0 2.0
23.6 4.0 0.0 2.0
23.7 4.0 0.0 2.0
23.8 4.0 0.0 2.0
23.9 4.0 0.0 2.0
24.0 4.0 0.0 2.0
24.0 4.0 0.0 1.0
24.0999259424 3.99666790105 6.21651864051 1.0
24.1994079339 3.98668640805 6.14985197385 1.0
24.2980039962 3.97009986676 6.08318530718 1.0
24.3952760867 3.94698196785 6.01651864051 1.0
24.4907920452 3.91743541947 5.94985197385 1.0
24.5841275135 3.881591491 5.88318530718 1.0
24.6748678208 3.8396094298 5.81651864051 1.0
24.7626098264 3.79167575369 5.74985197385 1.0
24.8471225573 3.73824264519 5.71085782519 1.0
24.9329292043 3.68692484929 5.77752449185 1.0
25.0219638933 3.64143725742 5.84419115852 1.0
25.1138310609 3.60198196177 5.91085782519 1.0
25.20812256 3.5687342543 5.97752449185 1.0
25.3044194723 3.54184184786 6.04419115852 1.0
25.4022939701 3.52142422 6.11085782519 1.0
25.5013112166 3.50757208213 6.17752449185 1.0
25.6010312983 3.50034697651 6.24419115852 1.0
25.7010111789 3.49978100282 0.0276725180082 1.0
25.8008066679 3.50587667558 0.0943391846748 1.0
25.899974394 3.51860691294 0.161005851341 1.0
25.998073775 3.53791515701 0.227672518008 1.0
26.0946689751 3.56371562516 0.294339184675 1.0
26.1893308414 3.5958936911 0.361005851341 1.0
26.2816388101 3.63430639417 0.427672518008 1.0
26.3711827756 3.67878307447 0.494339184675 1.0
26.457564912 3.72912613105 0.561005851341 1.0
26.540401441 3.78511189987 0.627672518008 1.0
26.6193243365 3.84649164742 0.694339184675 1.0
26.69398296 3.91299267584 0.761005851341 1.0
26.7640456183 3.98431953447 0.827672518008 1.0
26.829201037 4.06015533244 0.894339184675 1.0
26.8891597438 4.14016314656 0.961005851341 1.0
26.9436553543 4.22398751824 1.02767251801 1.0
26.9924457553 4.31125603267 1.09433918467 1.0
27.0353141811 4.40158097342 1.16100585134 1.0
27.0720701757 4.49456104496 1.22767251801 1.0
27.1025504397 4.58978315558 1.29433918467 1.0
27.1266195555 4.6868242526 1.36100585134 1.0
27.1441705887 4.78525320198 1.42767251801 1.0
27.1551255638 4.88463270372 1.49433918467 1.0
27.1594358099 4.98452123471 1.56100585134 1.0
27.1570821775 5.08447501033 1.62767251801 1.0
27.1480751233 5.18404995607 1.69433918467 1.0
27.1324546639 5.28280368052 1.76100585134 1.0
27.1102901977 5.38029744075 1.82767251801 1.0
27.0816801971 5.47609809164 1.89433918467 1.0
27.0467517705 5.56978001018 1.96100585134 1.0
27.0056600979 5.66092698647 2.02767251801 1.0
26.9585877413 5.74913407286 2.09433918467 1.0
26.9057438337 5.83400938304 2.16100585134 1.0
26.84736315 5.91517583308 2.22767251801 1.0
26.7837050637 5.9922728168 2.29433918467 1.0
26.715052395 6.06495780783 2.36100585134 1.0
26.6417101538 6.13290788139 2.42767251801 1.0
26.5640041849 6.19582114898 2.49433918467 1.0
26.4822797202 6.25341809965 2.56100585134 1.0
26.3968998452 6.30544284172 2.62767251801 1.0
26.3082438854 6.35166423976 2.69433918467 1.0
26.2167057214 6.39187694139 2.76100585134 1.0
26.1226920388 6.42590228968 2.82767251801 1.0
26.0266205214 6.45358911687 2.89433918467 1.0
25.9289179958 6.47481441596 2.96100585134 1.0
25.8300185344 6.48948388721 3.02767251801 1.0
25.7303615277 6.49753235713 3.09433918467 1.0
25.6303897318 6.49892406797 3.16100585134 1.0
25.5305473011 6.49365283666 3.22767251801 1.0
25.4312778155 6.4817420822 3.29433918467 1.0
25.3330223093 6.46324472169 3.36100585134 1.0
25.2362173119 6.43824293517 3.42767251801 1.0
25.1412929085 6.40684780053 3.49433918467 1.0
25.048670829 6.36919880005 3.56100585134 1.0
24.9587625747 6.32546320065 3.62767251801 1.0
24.8719675899 6.27583531078 3.69433918467 1.0
24.7877021793 6.2219984192 3.69259575375 1.0
24.7008208037 6.17252192574 3.62592908708 1.0
24.610836436 6.12894314155 3.55926242042 1.0
24.5181488589 6.09145567841 3.49259575375 1.0
24.4231698645 6.06022608554 3.42592908708 1.0
24.3263214254 6.03539310976 3.35926242042 1.0
24.2280338197 6.01706707895 3.29259575375 1.0
24.1287437194 6.005329412 3.22592908708 1.0
24.0288922504 6.00023225699 3.15926242042 1.0
24.0 6.0 3.14 2.0
23.900000001 6.00000186525 3.14159303425 2.0
23.800000001 6.00000182719 3.14159303425 2.0
23.700000001 6.00000178912 3.14159303425 2.0
23.600000001 6.00000175105 3.14159303425 2.0
23.500000001 6.00000171299 3.14159303425 2.0
23.400000001 6.00000167492 3.14159303425 2.0
23.300000001 6.00000163685 3.14159303425 2.0
23.200000001 6.00000159879 3.14159303425 2.0
23.100000001 6.00000156072 3.14159303425 2.0
23.000000001 6.00000152265 3.14159303425 2.0
22.900000001 6.00000148459 3.14159303425 2.0
22.800000001 6.00000144652 3.14159303425 2.0
22.700000001 6.00000140846 3.14159303425 2.0
22.600000001 6.00000137039 3.14159303425 2.0
22.500000001 6.00000133232 3.14159303425 2.0
22.400000001 6.00000129426 3.14159303425 2.0
22.300000001 6.00000125619 3.14159303425 2.0
22.200000001 6.00000121812 3.14159303425 2.0
22.100000001 6.00000118006 3.14159303425 2.0
22.000000001 6.00000114199 3.14159303425 2.0
21.900000001 6.00000110392 3.14159303425 2.0
21.800000001 6.00000106586 3.14159303425 2.0
21.700000001 6.00000102779 3.14159303425 2.0
21.600000001 6.00000098973 3.14159303425 2.0
21.500000001 6.00000095166 3.14159303425 2.0
21.400000001 6.00000091359 3.14159303425 2.0
21.300000001 6.00000087553 3.14159303425 2.0
21.200000001 6.00000083746 3.14159303425 2.0
21.100000001 6.00000079939 3.14159303425 2.0
21.000000001 6.00000076133 3.14159303425 2.0
20.900000001 6.00000072326 3.14159303425 2.0
20.800000001 6.00000068519 3.14159303425 2.0
20.700000001 6.00000064713 3.14159303425 2.0
20.600000001 6.00000060906 3.14159303425 2.0
20.500000001 6.000000571 3.14159303425 2.0
20.400000001 6.00000053293 3.14159303425 2.0
20.300000001 6.00000049486 3.14159303425 2.0
20.200000001 6.0000004568 3.14159303425 2.0
20.100000001 6.00000041873 3.14159303425 2.0
20.000000001 6.00000038066 3.14159303425 2.0
19.900000001 6.0000003426 3.14159303425 2.0
19.800000001 6.00000030453 3.14159303425 2.0
19.700000001 6.00000026646 3.14159303425 2.0
19.600000001 6.0000002284 3.14159303425 2.0
19.500000001 6.00000019033 3.14159303425 2.0
19.400000001 6.00000015227 3.14159303425 2.0
19.300000001 6.0000001142 3.14159303425 2.0
19.200000001 6.00000007613 3.14159303425 2.0
19.100000001 6.00000003807 3.14159303425 2.0
19.000000001 6.0 3.14159303425 2.0
18.900000001 5.99999996193 3.14159303425 2.0
18.800000001 5.99999992387 3.14159303425 2.0
18.700000001 5.9999998858 3.14159303425 2.0
18.600000001 5.99999984773 3.14159303425 2.0
18.500000001 5.99999980967 3.14159303425 2.0
18.400000001 5.9999997716 3.14159303425 2.0
18.300000001 5.99999973354 3.14159303425 2.0
18.200000001 5.99999969547 3.14159303425 2.0
18.100000001 5.9999996574 3.14159303425 2.0
18.000000001 5.99999961934 3.14159303425 2.0
17.900000001 5.99999958127 3.14159303425 2.0
17.800000001 5.9999995432 3.14159303425 2.0
17.700000001 5.99999950514 3.14159303425 2.0
17.600000001 5.99999946707 3.14159303425 2.0
17.500000001 5.999999429 3.14159303425 2.0
17.400000001 5.99999939094 3.14159303425 2.0
17.300000001 5.99999935287 3.14159303425 2.0
17.200000001 5.99999931481 3.14159303425 2.0
17.100000001 5.99999927674 3.14159303425 2.0
17.000000001 5.99999923867 3.14159303425 2.0
16.900000001 5.99999920061 3.14159303425 2.0
16.800000001 5.99999916254 3.14159303425 2.0
16.700000001 5.99999912447 3.14159303425 2.0
16.600000001 5.99999908641 3.14159303425 2.0
16.500000001 5.99999904834 3.14159303425 2.0
16.400000001 5.99999901027 3.14159303425 2.0
16.300000001 5.99999897221 3.14159303425 2.0
16.200000001 5.99999893414 3.14159303425 2.0
16.100000001 5.99999889608 3.14159303425 2.0
16.000000001 5.99999885801 3.14159303425 2.0
15.900000001 5.99999881994 3.14159303425 2.0
15.800000001 5.99999878188 3.14159303425 2.0
15.700000001 5.99999874381 3.14159303425 2.0
15.600000001 5.99999870574 3.14159303425 2.0
15.500000001 5.99999866768 3.14159303425 2.0
15.400000001 5.99999862961 3.14159303425 2.0
15.300000001 5.99999859154 3.14159303425 2.0
15.200000001 5.99999855348 3.14159303425 2.0
15.100000001 5.99999851541 3.14159303425 2.0
15.000000001 5.99999847735 3.14159303425 2.0
14.900000001 5.99999843928 3.14159303425 2.0
14.800000001 5.99999840121 3.14159303425 2.0
14.700000001 5.99999836315 3.14159303425 2.0
14.600000001 5.99999832508 3.14159303425 2.0
14.500000001 5.99999828701 3.14159303425 2.0
14.400000001 5.99999824895 3.14159303425 2.0
14.300000001 5.99999821088 3.14159303425 2.0
14.200000001 5.99999817281 3.14159303425 2.0
14.100000001 5.99999813475 3.14159303425 2.0
14.000000002 6.0 3.14000000135 2.0
14.0 6.0 3.14 1.0
13.9000688775 5.99682705262 3.20666666667 1.0
13.800571115 5.98700401256 3.27333333333 1.0
13.7019487612 5.97057452162 3.34 1.0
13.6046399753 5.9476115727 3.40666666667 1.0
13.5090770805 5.91821718557 3.47333333333 1.0
13.4156846437 5.88252195357 3.54 1.0
13.3248775886 5.84068446342 3.60666666667 1.0
13.2370593526 5.79289059067 3.67333333333 1.0
13.1524757459 5.73957051316 3.71360160509 1.0
13.066652757 5.6882800519 3.64693493842 1.0
12.9776035834 5.64282082259 3.58026827176 1.0
12.8857238527 5.60339479145 3.51360160509 1.0
12.7914217681 5.57017712038 3.44693493842 1.0
12.6951162946 5.5433153888 3.38026827176 1.0
12.5972352981 5.52292893799 3.31360160509 1.0
12.4982136442 5.50910834083 3.24693493842 1.0
12.3984912662 5.50191499946 3.18026827176 1.0
12.2985112104 5.50138087245 3.11360160509 1.0
12.1987176682 5.5075083328 3.04693493842 1.0
12.099554002 5.52027015746 2.98026827176 1.0
12.0014607763 5.53960964819 2.91360160509 1.0
11.9048737993 5.56544088355 2.84693493842 1.0
11.8102221875 5.59764910055 2.78026827176 1.0
11.7179264591 5.63609120457 2.71360160509 1.0
11.6283966654 5.68059640509 2.64693493842 1.0
11.5420305691 5.73096697447 2.58026827176 1.0
11.4592118775 5.7869791264 2.51360160509 1.0
11.3803085373 5.84838401019 2.44693493842 1.0
11.3056711002 5.91490881629 2.38026827176 1.0
11.2356311653 5.98625798839 2.31360160509 1.0
11.1704999058 6.0621145365 2.24693493842 1.0
11.110566687 6.14214144524 2.18026827176 1.0
11.0560977799 6.22598317118 2.11360160509 1.0
11.007335179 6.31326722241 2.04693493842 1.0
10.9644955267 6.40360581348 1.98026827176 1.0
10.927769151 6.49659758821 1.91360160509 1.0
10.8973192196 6.59182940289 1.84693493842 1.0
10.8732810156 6.68887816174 1.78026827176 1.0
10.8557613359 6.78731269666 1.71360160509 1.0
10.8448380168 6.88669568286 1.64693493842 1.0
10.8405595884 6.98658558172 1.58026827176 1.0
10.842945059 7.08653860256 1.51360160509 1.0
10.8519838304 7.18611067423 1.44693493842 1.0
10.8676357451 7.28485941808 1.38026827176 1.0
10.8898312649 7.38234611331 1.31360160509 1.0
10.9184717795 7.47813764617 1.24693493842 1.0
10.9534300449 7.57180843419 1.18026827176 1.0
10.9945507485 7.66294231691 1.11360160509 1.0
11.0416511993 7.75113440485 1.04693493842 1.0
11.0945221396 7.83599287832 0.980268271757 1.0
11.1529286743 7.91714072822 0.91360160509 1.0
11.2166113151 7.99421743098 0.846934938423 1.0
11.2852871328 8.06688055036 0.780268271757 1.0
11.3586510144 8.13480725873 0.71360160509 1.0
11.4363770192 8.19769577142 0.646934938423 1.0
11.5181198261 8.25526668743 0.580268271757 1.0
11.6035162682 8.30726423077 0.51360160509 1.0
11.6921869464 8.35345738683 0.446934938423 1.0
11.7837379148 8.39364092873 0.380268271757 1.0
11.8777624307 8.42763632907 0.31360160509 1.0
11.9738427623 8.45529255315 0.246934938423 1.0
12.0715520439 8.47648672993 0.180268271757 1.0
12.170456173 8.49112469794 0.11360160509 1.0
12.2701157383 8.49914142366 0.0469349384233 1.0
12.3700879724 8.50050129037 6.26345357894 1.0
12.469928719 8.49519825646 6.19678691227 1.0
12.5691944056 8.48325588225 6.1301202456 1.0
12.6674440149 8.4647272253 6.06345357894 1.0
12.7642410435 8.4396946047 5.99678691227 1.0
12.8591554418 8.40826923534 5.9301202456 1.0
12.9517655242 8.37059073382 5.86345357894 1.0
13.0416598429 8.32682649811 5.79678691227 1.0
13.1284390153 8.27717096391 5.7301202456 1.0
13.2126523861 8.22325267382 5.73058955343 1.0
13.2994548527 8.17363787123 5.7972562201 1.0
13.3893697003 8.12991582845 5.86392288676 1.0
13.4819974554 8.09228079371 5.93058955343 1.0
13.5769265914 8.06089997188 5.9972562201 1.0
13.6737353574 8.03591278164 6.06392288676 1.0
13.7719936514 8.01743023604 6.13058955343 1.0
13.8712649318 8.0055344493 6.1972562201 1.0
13.9711081561 8.00027827203 6.26392288676 1.0
14.0 8.0 0.0 2.0
14.1 8.0 0.0 2.0
14.2 8.0 0.0 2.0
14.3 8.0 0.0 2.0
14.4 8.0 0.0 2.0
14.5 8.0 0.0 2.0
14.6 8.0 0.0 2.0
14.7 8.0 0.0 2.0
14.8 8.0 0.0 2.0
14.9 8.0 0.0 2.0
15.0 8.0 0.0 2.0
15.1 8.0 0.0 2.0
15.2 8.0 0.0 2.0
15.3 8.0 0.0 2.0
15.4 8.0 0.0 2.0
15.5 8.0 0.0 2.0
15.6 8.0 0.0 2.0
15.7 8.0 0.0 2.0
15.8 8.0 0.0 2.0
15.9 8.0 0.0 2.0
16.0 8.0 0.0 2.0
16.1 8.0 0.0 2.0
16.2 8.0 0.0 2.0
16.3 8.0 0.0 2.0
16.4 8.0 0.0 2.0
16.5 8.0 0.0 2.0
16.6 8.0 0.0 2.0
16.7 8.0 0.0 2.0
16.8 8.0 0.0 2.0
16.9 8.0 0.0 2.0
17.0 8.0 0.0 2.0
17.1 8.0 0.0 2.0
17.2 8.0 0.0 2.0
17.3 8.0 0.0 2.0
17.4 8.0 0.0 2.0
17.5 8.0 0.0 2.0
17.6 8.0 0.0 2.0
17.7 8.0 0.0 2.0
17.8 8.0 0.0 2.0
17.9 8.0 0.0 2.0
18.0 8.0 0.0 2.0
18.1 8.0 0.0 2.0
18.2 8.0 0.0 2.0
18.3 8.0 0.0 2.0
18.4 8.0 0.0 2.0
18.5 8.0 0.0 2.0
18.6 8.0 0.0 2.0
18.7 8.0 0.0 2.0
18.8 8.0 0.0 2.0
18.9 8.0 0.0 2.0
19.0 8.0 0.0 2.0
19.1 8.0 0.0 2.0
19.2 8.0 0.0 2.0
19.3 8.0 0.0 2.0
19.4 8.0 0.0 2.0
19.5 8.0 0.0 2.0
19.6 8.0 0.0 2.0
19.7 8.0 0.0 2.0
19.8 8.0 0.0 2.0
19.9 8.0 0.0 2.0
20.0 8.0 0.0 2.0
20.1 8.0 0.0 2.0
20.2 8.0 0.0 2.0
20.3 8.0 0.0 2.0
20.4 8.0 0.0 2.0
20.5 8.0 0.0 2.0
20.6 8.0 0.0 2.0
20.7 8.0 0.0 2.0
20.8 8.0 0.0 2.0
20.9 8.0 0.0 2.0
21.0 8.0 0.0 2.0
21.1 8.0 0.0 2.0
21.2 8.0 0.0 2.0
21.3 8.0 0.0 2.0
21.4 8.0 0.0 2.0
21.5 8.0 0.0 2.0
21.6 8.0 0.0 2.0
21.7 8.0 0.0 2.0
21.8 8.0 0.0 2.0
21.9 8.0 0.0 2.0
22.0 8.0 0.0 2.0
22.1 8.0 0.0 2.0
22.2 8.0 0.0 2.0
22.3 8.0 0.0 2.0
22.4 8.0 0.0 2.0
22.5 8.0 0.0 2.0
22.6 8.0 0.0 2.0
22.7 8.0 0.0 2.0
22.8 8.0 0.0 2.0
22.9 8.0 0.0 2.0
23.0 8.0 0.0 2.0
23.1 8.0 0.0 2.0
23.2 8.0 0.0 2.0
23.3 8.0 0.0 2.0
23.4 8.0 0.0 2.0
23.5 8.0 0.0 2.0
23.6 8.0 0.0 2.0
23.7 8.0 0.0 2.0
23.8 8.0 0.0 2.0
23.9 8.0 0.0 2.0
24.0 8.0 0.0 2.0
24.0 8.0 0.0 1.0
24.0999259424 7.99666790105 6.21651864051 1.0
24.1994079339 7.98668640805 6.14985197385 1.0
24.2980039962 7.97009986676 6.08318530718 1.0
24.3952760867 7.94698196785 6.01651864051 1.0
24.4907920452 7.91743541947 5.94985197385 1.0
24.5841275135 7.881591491 5.88318530718 1.0
24.6748678208 7.8396094298 5.81651864051 1.0
24.7626098264 7.79167575369 5.74985197385 1.0
24.8471225573 7.73824264519 5.71085782519 1.0
24.9329292043 7.68692484929 5.77752449185 1.0
25.0219638933 7.64143725742 5.84419115852 1.0
25.1138310609 7.60198196177 5.91085782519 1.0
25.20812256 7.5687342543 5.97752449185 1.0
25.3044194723 7.54184184786 6.04419115852 1.0
25.4022939701 7.52142422 6.11085782519 1.0
25.5013112166 7.50757208213 6.17752449185 1.0
25.6010312983 7.50034697651 6.24419115852 1.0
25.7010111789 7.49978100282 0.0276725180082 1.0
25.8008066679 7.50587667558 0.0943391846748 1.0
25.899974394 7.51860691294 0.161005851341 1.0
25.998073775 7.53791515701 0.227672518008 1.0
26.0946689751 7.56371562516 0.294339184675 1.0
26.1893308414 7.5958936911 0.361005851341 1.0
26.2816388101 7.63430639417 0.427672518008 1.0
26.3711827756 7.67878307447 0.494339184675 1.0
26.457564912 7.72912613105 0.561005851341 1.0
26.540401441 7.78511189987 0.627672518008 1.0
26.6193243365 7.84649164742 0.694339184675 1.0
26.69398296 7.91299267584 0.761005851341 1.0
26.7640456183 7.98431953447 0.827672518008 1.0
26.829201037 8.06015533244 0.894339184675 1.0
26.8891597438 8.14016314656 0.961005851341 1.0
26.9436553543 8.22398751824 1.02767251801 1.0
26.9924457553 8.31125603267 1.09433918467 1.0
27.0353141811 8.40158097342 1.16100585134 1.0
27.0720701757 8.49456104496 1.22767251801 1.0
27.1025504397 8.58978315558 1.29433918467 1.0
27.1266195555 8.6868242526 1.36100585134 1.0
27.1441705887 8.78525320198 1.42767251801 1.0
27.1551255638 8.88463270372 1.49433918467 1.0
27.1594358099 8.98452123471 1.56100585134 1.0
27.1570821775 9.08447501033 1.62767251801 1.0
27.1480751233 9.18404995607 1.69433918467 1.0
27.1324546639 9.28280368052 1.76100585134 1.0
27.1102901977 9.38029744075 1.82767251801 1.0
27.0816801971 9.47609809164 1.89433918467 1.0
27.0467517705 9.56978001018 1.96100585134 1.0
27.0056600979 9.66092698647 2.02767251801 1.0
26.9585877413 9.74913407286 2.09433918467 1.0
26.9057438337 9.83400938304 2.16100585134 1.0
26.84736315 9.91517583308 2.22767251801 1.0
26.7837050637 9.9922728168 2.29433918467 1.0
26.715052395 10.0649578078 2.36100585134 1.0
26.6417101538 10.1329078814 2.42767251801 1.0
26.5640041849 10.195821149 2.49433918467 1.0
26.4822797202 10.2534180996 2.56100585134 1.0
26.3968998452 10.3054428417 2.62767251801 1.0
26.3082438854 10.3516642398 2.69433918467 1.0
26.2167057214 10.3918769414 2.76100585134 1.0
26.1226920388 10.4259022897 2.82767251801 1.0
26.0266205214 10.4535891169 2.89433918467 1.0
25.9289179958 10.474814416 2.96100585134 1.0
25.8300185344 10.4894838872 3.02767251801 1.0
25.7303615277 10.4975323571 3.09433918467 1.0
25.6303897318 10.498924068 3.16100585134 1.0
25.5305473011 10.4936528367 3.22767251801 1.0
25.4312778155 10.4817420822 3.29433918467 1.0
25.3330223093 10.4632447217 3.36100585134 1.0
25.2362173119 10.4382429352 3.42767251801 1.0
25.1412929085 10.4068478005 3.49433918467 1.0
25.048670829 10.3691988 3.56100585134 1.0
24.9587625747 10.3254632006 3.62767251801 1.0
24.8719675899 10.2758353108 3.69433918467 1.0
24.7877021793 10.2219984192 3.69259575375 1.0
24.7008208037 10.1725219257 3.62592908708 1.0
24.610836436 10.1289431416 3.55926242042 1.0
24.5181488589 10.0914556784 3.49259575375 1.0
24.4231698645 10.0602260855 3.42592908708 1.0
24.3263214254 10.0353931098 3.35926242042 1.0
24.2280338197 10.017067079 3.29259575375 1.0
24.1287437194 10.005329412 3.22592908708 1.0
24.0288922504 10.000232257 3.15926242042 1.0
24.0 10.0 3.14 2.0
23.900000001 10.0000018653 3.14159303425 2.0
23.800000001 10.0000018272 3.14159303425 2.0
23.700000001 10.0000017891 3.14159303425 2.0
23.600000001 10.0000017511 3.14159303425 2.0
23.500000001 10.000001713 3.14159303425 2.0
23.400000001 10.0000016749 3.14159303425 2.0
23.300000001 10.0000016369 3.14159303425 2.0
23.200000001 10.0000015988 3.14159303425 2.0
23.100000001 10.0000015607 3.14159303425 2.0
23.000000001 10.0000015227 3.14159303425 2.0
22.900000001 10.0000014846 3.14159303425 2.0
22.800000001 10.0000014465 3.14159303425 2.0
22.700000001 10.0000014085 3.14159303425 2.0
22.600000001 10.0000013704 3.14159303425 2.0
22.500000001 10.0000013323 3.14159303425 2.0
22.400000001 10.0000012943 3.14159303425 2.0
22.300000001 10.0000012562 3.14159303425 2.0
22.200000001 10.0000012181 3.14159303425 2.0
22.100000001 10.0000011801 3.14159303425 2.0
22.000000001 10.000001142 3.14159303425 2.0
21.900000001 10.0000011039 3.14159303425 2.0
21.800000001 10.0000010659 3.14159303425 2.0
21.700000001 10.0000010278 3.14159303425 2.0
21.600000001 10.0000009897 3.14159303425 2.0
21.500000001 10.0000009517 3.14159303425 2.0
21.400000001 10.0000009136 3.14159303425 2.0
21.300000001 10.0000008755 3.14159303425 2.0
21.200000001 10.0000008375 3.14159303425 2.0
21.100000001 10.0000007994 3.14159303425 2.0
21.000000001 10.0000007613 3.14159303425 2.0
20.900000001 10.0000007233 3.14159303425 2.0
20.800000001 10.0000006852 3.14159303425 2.0
20.700000001 10.0000006471 3.14159303425 2.0
20.600000001 10.0000006091 3.14159303425 2.0
20.500000001 10.000000571 3.14159303425 2.0
20.400000001 10.0000005329 3.14159303425 2.0
20.300000001 10.0000004949 3.14159303425 2.0
20.200000001 10.0000004568 3.14159303425 2.0
20.100000001 10.0000004187 3.14159303425 2.0
20.000000001 10.0000003807 3.14159303425 2.0
19.900000001 10.0000003426 3.14159303425 2.0
19.800000001 10.0000003045 3.14159303425 2.0
19.700000001 10.0000002665 3.14159303425 2.0
19.600000001 10.0000002284 3.14159303425 2.0
19.500000001 10.0000001903 3.14159303425 2.0
19.400000001 10.0000001523 3.14159303425 2.0
19.300000001 10.0000001142 3.14159303425 2.0
19.200000001 10.0000000761 3.14159303425 2.0
19.100000001 10.0000000381 3.14159303425 2.0
19.000000001 10.0 3.14159303425 2.0
18.900000001 9.99999996193 3.14159303425 2.0
18.800000001 9.99999992387 3.14159303425 2.0
18.700000001 9.9999998858 3.14159303425 2.0
18.600000001 9.99999984773 3.14159303425 2.0
18.500000001 9.99999980967 3.14159303425 2.0
18.400000001 9.9999997716 3.14159303425 2.0
18.300000001 9.99999973354 3.14159303425 2.0
18.200000001 9.99999969547 3.14159303425 2.0
18.100000001 9.9999996574 3.14159303425 2.0
18.000000001 9.99999961934 3.14159303425 2.0
17.900000001 9.99999958127 3.14159303425 2.0
17.800000001 9.9999995432 3.14159303425 2.0
17.700000001 9.99999950514 3.14159303425 2.0
17.600000001 9.99999946707 3.14159303425 2.0
17.500000001 9.999999429 3.14159303425 2.0
17.400000001 9.99999939094 3.14159303425 2.0
17.300000001 9.99999935287 3.14159303425 2.0
17.200000001 9.99999931481 3.14159303425 2.0
17.100000001 9.99999927674 3.14159303425 2.0
17.000000001 9.99999923867 3.14159303425 2.0
16.900000001 9.99999920061 3.14159303425 2.0
16.800000001 9.99999916254 3.14159303425 2.0
16.700000001 9.99999912447 3.14159303425 2.0
16.600000001 9.99999908641 3.14159303425 2.0
16.500000001 9.99999904834 3.14159303425 2.0
16.400000001 9.99999901027 3.14159303425 2.0
16.300000001 9.99999897221 3.14159303425 2.0
16.200000001 9.99999893414 3.14159303425 2.0
16.100000001 9.99999889608 3.14159303425 2.0
16.000000001 9.99999885801 3.14159303425 2.0
15.900000001 9.99999881994 3.14159303425 2.0
15.800000001 9.99999878188 3.14159303425 2.0
15.700000001 9.99999874381 3.14159303425 2.0
15.600000001 9.99999870574 3.14159303425 2.0
15.500000001 9.99999866768 3.14159303425 2.0
15.400000001 9.99999862961 3.14159303425 2.0
15.300000001 9.99999859154 3.14159303425 2.0
15.200000001 9.99999855348 3.14159303425 2.0
15.100000001 9.99999851541 3.14159303425 2.0
15.000000001 9.99999847735 3.14159303425 2.0
14.900000001 9.99999843928 3.14159303425 2.0
14.800000001 9.99999840121 3.14159303425 2.0
14.700000001 9.99999836315 3.14159303425 2.0
14.600000001 9.99999832508 3.14159303425 2.0
14.500000001 9.99999828701 3.14159303425 2.0
14.400000001 9.99999824895 3.14159303425 2.0
14.300000001 9.99999821088 3.14159303425 2.0
14.200000001 9.99999817281 3.14159303425 2.0
14.100000001 9.99999813475 3.14159303425 2.0
14.000000002 10.0 3.14000000135 2.0
